PBSS arithmetic zero-peel campaign
status=completed elapsed_s=100.0 x_max=1.000e+10
NOT AN UNCONDITIONAL PROOF OF RH

       T    N   d    det          R_d        alpha
   10.00    0   2   deg1   1.3363e-01   0.0000e+00
   10.00    0   4   deg1   1.4387e-01   0.0000e+00
   10.00    0   6   deg1   1.4394e-01   0.0000e+00
   10.00    0   2   none   9.6906e-01   0.0000e+00
   10.00    0   4   none   9.6943e-01   0.0000e+00
   10.00    0   6   none   9.6943e-01   0.0000e+00
   10.00    1   2   deg1   1.7528e-01  -9.4857e-01
   10.00    1   4   deg1   1.8381e-01  -9.4857e-01
   10.00    1   6   deg1   1.8524e-01  -9.4857e-01
   10.00    1   2   none   9.7479e-01  -1.1940e+00
   10.00    1   4   none   9.7503e-01  -1.1940e+00
   10.00    1   6   none   9.7509e-01  -1.1940e+00
   10.00    2   2   deg1   2.0055e-01  -9.5239e-01
   10.00    2   4   deg1   2.0858e-01  -9.5239e-01
   10.00    2   6   deg1   2.1155e-01  -9.5239e-01
   10.00    2   2   none   9.7749e-01  -1.1971e+00
   10.00    2   4   none   9.7769e-01  -1.1971e+00
   10.00    2   6   none   9.7781e-01  -1.1971e+00
   10.00    5   2   deg1   2.3479e-01  -9.1055e-01
   10.00    5   4   deg1   2.4383e-01  -9.1055e-01
   10.00    5   6   deg1   2.4888e-01  -9.1055e-01
   10.00    5   2   none   9.8073e-01  -1.1246e+00
   10.00    5   4   none   9.8094e-01  -1.1246e+00
   10.00    5   6   none   9.8112e-01  -1.1246e+00
   10.00   10   2   deg1   2.6827e-01  -9.0647e-01
   10.00   10   4   deg1   2.7990e-01  -9.0647e-01
   10.00   10   6   deg1   2.8670e-01  -9.0647e-01
   10.00   10   2   none   9.8357e-01  -1.0899e+00
   10.00   10   4   none   9.8382e-01  -1.0899e+00
   10.00   10   6   none   9.8403e-01  -1.0899e+00
   10.00   20   2   deg1   3.0620e-01  -8.9582e-01
   10.00   20   4   deg1   3.1968e-01  -8.9582e-01
   10.00   20   6   deg1   3.2928e-01  -8.9582e-01
   10.00   20   2   none   9.8590e-01  -1.0718e+00
   10.00   20   4   none   9.8617e-01  -1.0718e+00
   10.00   20   6   none   9.8643e-01  -1.0718e+00
   10.00   30   2   deg1   3.2519e-01  -8.8811e-01
   10.00   30   4   deg1   3.3999e-01  -8.8811e-01
   10.00   30   6   deg1   3.5105e-01  -8.8811e-01
   10.00   30   2   none   9.8693e-01  -1.0588e+00
   10.00   30   4   none   9.8721e-01  -1.0588e+00
   10.00   30   6   none   9.8750e-01  -1.0588e+00
   10.00   50   2   deg1   3.5088e-01  -8.8361e-01
   10.00   50   4   deg1   3.6758e-01  -8.8361e-01
   10.00   50   6   deg1   3.8058e-01  -8.8361e-01
   10.00   50   2   none   9.8818e-01  -1.0483e+00
   10.00   50   4   none   9.8849e-01  -1.0483e+00
   10.00   50   6   none   9.8881e-01  -1.0483e+00
   12.00    0   2   deg1   1.7829e-01   0.0000e+00
   12.00    0   4   deg1   1.8906e-01   0.0000e+00
   12.00    0   6   deg1   1.9314e-01   0.0000e+00
   12.00    0   2   none   9.6883e-01   0.0000e+00
   12.00    0   4   none   9.6924e-01   0.0000e+00
   12.00    0   6   none   9.6939e-01   0.0000e+00
   12.00    1   2   deg1   2.1299e-01  -9.7254e-01
   12.00    1   4   deg1   2.3050e-01  -9.7254e-01
   12.00    1   6   deg1   2.3271e-01  -9.7254e-01
   12.00    1   2   none   9.7484e-01  -9.6170e-01
   12.00    1   4   none   9.7540e-01  -9.6170e-01
   12.00    1   6   none   9.7547e-01  -9.6170e-01
   12.00    2   2   deg1   2.3357e-01  -9.5796e-01
   12.00    2   4   deg1   2.5435e-01  -9.5796e-01
   12.00    2   6   deg1   2.5624e-01  -9.5796e-01
   12.00    2   2   none   9.7742e-01  -9.6131e-01
   12.00    2   4   none   9.7804e-01  -9.6131e-01
   12.00    2   6   none   9.7809e-01  -9.6131e-01
   12.00    5   2   deg1   2.6863e-01  -9.3217e-01
   12.00    5   4   deg1   2.9534e-01  -9.3217e-01
   12.00    5   6   deg1   2.9682e-01  -9.3217e-01
   12.00    5   2   none   9.8095e-01  -9.4867e-01
   12.00    5   4   none   9.8165e-01  -9.4867e-01
   12.00    5   6   none   9.8169e-01  -9.4867e-01
   12.00   10   2   deg1   3.0659e-01  -9.2811e-01
   12.00   10   4   deg1   3.3902e-01  -9.2811e-01
   12.00   10   6   deg1   3.4061e-01  -9.2811e-01
   12.00   10   2   none   9.8389e-01  -9.5478e-01
   12.00   10   4   none   9.8466e-01  -9.5478e-01
   12.00   10   6   none   9.8469e-01  -9.5478e-01
   12.00   20   2   deg1   3.4618e-01  -9.1793e-01
   12.00   20   4   deg1   3.8390e-01  -9.1793e-01
   12.00   20   6   deg1   3.8607e-01  -9.1793e-01
   12.00   20   2   none   9.8628e-01  -9.5534e-01
   12.00   20   4   none   9.8709e-01  -9.5534e-01
   12.00   20   6   none   9.8713e-01  -9.5534e-01
   12.00   30   2   deg1   3.6827e-01  -9.1033e-01
   12.00   30   4   deg1   4.0874e-01  -9.1033e-01
   12.00   30   6   deg1   4.1137e-01  -9.1033e-01
   12.00   30   2   none   9.8740e-01  -9.5321e-01
   12.00   30   4   none   9.8823e-01  -9.5321e-01
   12.00   30   6   none   9.8828e-01  -9.5321e-01
   12.00   50   2   deg1   3.9667e-01  -9.0586e-01
   12.00   50   4   deg1   4.4097e-01  -9.0586e-01
   12.00   50   6   deg1   4.4417e-01  -9.0586e-01
   12.00   50   2   none   9.8870e-01  -9.5297e-01
   12.00   50   4   none   9.8955e-01  -9.5297e-01
   12.00   50   6   none   9.8961e-01  -9.5297e-01
   14.00    0   2   deg1   1.5763e-01   0.0000e+00
   14.00    0   4   deg1   1.9165e-01   0.0000e+00
   14.00    0   6   deg1   1.9428e-01   0.0000e+00
   14.00    0   2   none   9.6710e-01   0.0000e+00
   14.00    0   4   none   9.6843e-01   0.0000e+00
   14.00    0   6   none   9.6853e-01   0.0000e+00
   14.00    1   2   deg1   1.9916e-01  -9.6264e-01
   14.00    1   4   deg1   2.3921e-01  -9.6264e-01
   14.00    1   6   deg1   2.4154e-01  -9.6264e-01
   14.00    1   2   none   9.7328e-01  -1.1348e+00
   14.00    1   4   none   9.7461e-01  -1.1348e+00
   14.00    1   6   none   9.7469e-01  -1.1348e+00
   14.00    2   2   deg1   2.1825e-01  -9.5587e-01
   14.00    2   4   deg1   2.6449e-01  -9.5587e-01
   14.00    2   6   deg1   2.6629e-01  -9.5587e-01
   14.00    2   2   none   9.7601e-01  -1.0847e+00
   14.00    2   4   none   9.7743e-01  -1.0847e+00
   14.00    2   6   none   9.7748e-01  -1.0847e+00
   14.00    5   2   deg1   2.5444e-01  -9.3356e-01
   14.00    5   4   deg1   3.0964e-01  -9.3356e-01
   14.00    5   6   deg1   3.1109e-01  -9.3356e-01
   14.00    5   2   none   9.7977e-01  -1.0531e+00
   14.00    5   4   none   9.8128e-01  -1.0531e+00
   14.00    5   6   none   9.8132e-01  -1.0531e+00
   14.00   10   2   deg1   2.9010e-01  -9.2811e-01
   14.00   10   4   deg1   3.5532e-01  -9.2811e-01
   14.00   10   6   deg1   3.5647e-01  -9.2811e-01
   14.00   10   2   none   9.8281e-01  -1.0370e+00
   14.00   10   4   none   9.8441e-01  -1.0370e+00
   14.00   10   6   none   9.8443e-01  -1.0370e+00
   14.00   20   2   deg1   3.2968e-01  -9.2157e-01
   14.00   20   4   deg1   4.0584e-01  -9.2157e-01
   14.00   20   6   deg1   4.0685e-01  -9.2157e-01
   14.00   20   2   none   9.8547e-01  -1.0251e+00
   14.00   20   4   none   9.8714e-01  -1.0251e+00
   14.00   20   6   none   9.8716e-01  -1.0251e+00
   14.00   30   2   deg1   3.5137e-01  -9.1634e-01
   14.00   30   4   deg1   4.3395e-01  -9.1634e-01
   14.00   30   6   deg1   4.3487e-01  -9.1634e-01
   14.00   30   2   none   9.8671e-01  -1.0167e+00
   14.00   30   4   none   9.8843e-01  -1.0167e+00
   14.00   30   6   none   9.8845e-01  -1.0167e+00
   14.00   50   2   deg1   3.7903e-01  -9.1248e-01
   14.00   50   4   deg1   4.6943e-01  -9.1248e-01
   14.00   50   6   deg1   4.7036e-01  -9.1248e-01
   14.00   50   2   none   9.8809e-01  -1.0110e+00
   14.00   50   4   none   9.8985e-01  -1.0110e+00
   14.00   50   6   none   9.8987e-01  -1.0110e+00
   16.00    0   2   deg1   1.3972e-01   0.0000e+00
   16.00    0   4   deg1   1.9127e-01   0.0000e+00
   16.00    0   6   deg1   1.9464e-01   0.0000e+00
   16.00    0   2   none   9.6568e-01   0.0000e+00
   16.00    0   4   none   9.6774e-01   0.0000e+00
   16.00    0   6   none   9.6787e-01   0.0000e+00
   16.00    1   2   deg1   1.6632e-01  -9.6845e-01
   16.00    1   4   deg1   2.3495e-01  -9.6845e-01
   16.00    1   6   deg1   2.3727e-01  -9.6845e-01
   16.00    1   2   none   9.7187e-01  -9.7159e-01
   16.00    1   4   none   9.7418e-01  -9.7159e-01
   16.00    1   6   none   9.7426e-01  -9.7159e-01
   16.00    2   2   deg1   1.8669e-01  -9.6814e-01
   16.00    2   4   deg1   2.6229e-01  -9.6814e-01
   16.00    2   6   deg1   2.6433e-01  -9.6814e-01
   16.00    2   2   none   9.7478e-01  -1.0161e+00
   16.00    2   4   none   9.7714e-01  -1.0161e+00
   16.00    2   6   none   9.7720e-01  -1.0161e+00
   16.00    5   2   deg1   2.1952e-01  -9.4262e-01
   16.00    5   4   deg1   3.0906e-01  -9.4262e-01
   16.00    5   6   deg1   3.1066e-01  -9.4262e-01
   16.00    5   2   none   9.7875e-01  -1.0063e+00
   16.00    5   4   none   9.8121e-01  -1.0063e+00
   16.00    5   6   none   9.8125e-01  -1.0063e+00
   16.00   10   2   deg1   2.5185e-01  -9.3738e-01
   16.00   10   4   deg1   3.5597e-01  -9.3738e-01
   16.00   10   6   deg1   3.5725e-01  -9.3738e-01
   16.00   10   2   none   9.8187e-01  -1.0047e+00
   16.00   10   4   none   9.8442e-01  -1.0047e+00
   16.00   10   6   none   9.8444e-01  -1.0047e+00
   16.00   20   2   deg1   2.8614e-01  -9.3134e-01
   16.00   20   4   deg1   4.0733e-01  -9.3134e-01
   16.00   20   6   deg1   4.0826e-01  -9.3134e-01
   16.00   20   2   none   9.8457e-01  -9.9675e-01
   16.00   20   4   none   9.8721e-01  -9.9675e-01
   16.00   20   6   none   9.8723e-01  -9.9675e-01
   16.00   30   2   deg1   3.0523e-01  -9.2570e-01
   16.00   30   4   deg1   4.3603e-01  -9.2570e-01
   16.00   30   6   deg1   4.3680e-01  -9.2570e-01
   16.00   30   2   none   9.8583e-01  -9.9022e-01
   16.00   30   4   none   9.8852e-01  -9.9022e-01
   16.00   30   6   none   9.8854e-01  -9.9022e-01
   16.00   50   2   deg1   3.3164e-01  -9.2274e-01
   16.00   50   4   deg1   4.7543e-01  -9.2274e-01
   16.00   50   6   deg1   4.7604e-01  -9.2274e-01
   16.00   50   2   none   9.8735e-01  -9.8673e-01
   16.00   50   4   none   9.9010e-01  -9.8673e-01
   16.00   50   6   none   9.9011e-01  -9.8673e-01
   18.00    0   2   deg1   1.0653e-01   0.0000e+00
   18.00    0   4   deg1   1.8078e-01   0.0000e+00
   18.00    0   6   deg1   1.8425e-01   0.0000e+00
   18.00    0   2   none   9.6408e-01   0.0000e+00
   18.00    0   4   none   9.6706e-01   0.0000e+00
   18.00    0   6   none   9.6720e-01   0.0000e+00
   18.00    1   2   deg1   1.3467e-01  -9.6325e-01
   18.00    1   4   deg1   2.2497e-01  -9.6325e-01
   18.00    1   6   deg1   2.2740e-01  -9.6325e-01
   18.00    1   2   none   9.7045e-01  -1.0940e+00
   18.00    1   4   none   9.7353e-01  -1.0940e+00
   18.00    1   6   none   9.7361e-01  -1.0940e+00
   18.00    2   2   deg1   1.4952e-01  -9.6990e-01
   18.00    2   4   deg1   2.5116e-01  -9.6990e-01
   18.00    2   6   deg1   2.5327e-01  -9.6990e-01
   18.00    2   2   none   9.7342e-01  -1.0791e+00
   18.00    2   4   none   9.7660e-01  -1.0791e+00
   18.00    2   6   none   9.7666e-01  -1.0791e+00
   18.00    5   2   deg1   1.7683e-01  -9.4706e-01
   18.00    5   4   deg1   2.9781e-01  -9.4706e-01
   18.00    5   6   deg1   2.9941e-01  -9.4706e-01
   18.00    5   2   none   9.7756e-01  -1.0474e+00
   18.00    5   4   none   9.8087e-01  -1.0474e+00
   18.00    5   6   none   9.8091e-01  -1.0474e+00
   18.00   10   2   deg1   2.0447e-01  -9.4198e-01
   18.00   10   4   deg1   3.4512e-01  -9.4198e-01
   18.00   10   6   deg1   3.4635e-01  -9.4198e-01
   18.00   10   2   none   9.8079e-01  -1.0386e+00
   18.00   10   4   none   9.8420e-01  -1.0386e+00
   18.00   10   6   none   9.8423e-01  -1.0386e+00
   18.00   20   2   deg1   2.3569e-01  -9.3741e-01
   18.00   20   4   deg1   3.9987e-01  -9.3741e-01
   18.00   20   6   deg1   4.0081e-01  -9.3741e-01
   18.00   20   2   none   9.8371e-01  -1.0287e+00
   18.00   20   4   none   9.8723e-01  -1.0287e+00
   18.00   20   6   none   9.8724e-01  -1.0287e+00
   18.00   30   2   deg1   2.5340e-01  -9.3216e-01
   18.00   30   4   deg1   4.3042e-01  -9.3216e-01
   18.00   30   6   deg1   4.3120e-01  -9.3216e-01
   18.00   30   2   none   9.8505e-01  -1.0226e+00
   18.00   30   4   none   9.8861e-01  -1.0226e+00
   18.00   30   6   none   9.8862e-01  -1.0226e+00
   18.00   50   2   deg1   2.7666e-01  -9.3027e-01
   18.00   50   4   deg1   4.7136e-01  -9.3027e-01
   18.00   50   6   deg1   4.7200e-01  -9.3027e-01
   18.00   50   2   none   9.8660e-01  -1.0186e+00
   18.00   50   4   none   9.9022e-01  -1.0186e+00
   18.00   50   6   none   9.9023e-01  -1.0186e+00
   20.00    0   2   deg1   8.8353e-02   0.0000e+00
   20.00    0   4   deg1   1.7456e-01   0.0000e+00
   20.00    0   6   deg1   1.7666e-01   0.0000e+00
   20.00    0   2   none   9.6333e-01   0.0000e+00
   20.00    0   4   none   9.6680e-01   0.0000e+00
   20.00    0   6   none   9.6688e-01   0.0000e+00
   20.00    1   2   deg1   1.0589e-01  -9.6753e-01
   20.00    1   4   deg1   2.1636e-01  -9.6753e-01
   20.00    1   6   deg1   2.1822e-01  -9.6753e-01
   20.00    1   2   none   9.6977e-01  -9.7583e-01
   20.00    1   4   none   9.7351e-01  -9.7583e-01
   20.00    1   6   none   9.7357e-01  -9.7583e-01
   20.00    2   2   deg1   1.1639e-01  -9.6626e-01
   20.00    2   4   deg1   2.4106e-01  -9.6626e-01
   20.00    2   6   deg1   2.4291e-01  -9.6626e-01
   20.00    2   2   none   9.7268e-01  -9.7671e-01
   20.00    2   4   none   9.7654e-01  -9.7671e-01
   20.00    2   6   none   9.7659e-01  -9.7671e-01
   20.00    5   2   deg1   1.3818e-01  -9.5009e-01
   20.00    5   4   deg1   2.8744e-01  -9.5009e-01
   20.00    5   6   deg1   2.8899e-01  -9.5009e-01
   20.00    5   2   none   9.7692e-01  -9.7828e-01
   20.00    5   4   none   9.8093e-01  -9.7828e-01
   20.00    5   6   none   9.8097e-01  -9.7828e-01
   20.00   10   2   deg1   1.6013e-01  -9.4661e-01
   20.00   10   4   deg1   3.3405e-01  -9.4661e-01
   20.00   10   6   deg1   3.3537e-01  -9.4661e-01
   20.00   10   2   none   9.8017e-01  -9.8255e-01
   20.00   10   4   none   9.8429e-01  -9.8255e-01
   20.00   10   6   none   9.8433e-01  -9.8255e-01
   20.00   20   2   deg1   1.8578e-01  -9.4149e-01
   20.00   20   4   deg1   3.8723e-01  -9.4149e-01
   20.00   20   6   deg1   3.8828e-01  -9.4149e-01
   20.00   20   2   none   9.8303e-01  -9.8454e-01
   20.00   20   4   none   9.8726e-01  -9.8454e-01
   20.00   20   6   none   9.8728e-01  -9.8454e-01
   20.00   30   2   deg1   2.0084e-01  -9.3753e-01
   20.00   30   4   deg1   4.1854e-01  -9.3753e-01
   20.00   30   6   deg1   4.1946e-01  -9.3753e-01
   20.00   30   2   none   9.8442e-01  -9.8324e-01
   20.00   30   4   none   9.8869e-01  -9.8324e-01
   20.00   30   6   none   9.8870e-01  -9.8324e-01
   20.00   50   2   deg1   2.2062e-01  -9.3552e-01
   20.00   50   4   deg1   4.6084e-01  -9.3552e-01
   20.00   50   6   deg1   4.6172e-01  -9.3552e-01
   20.00   50   2   none   9.8603e-01  -9.8208e-01
   20.00   50   4   none   9.9036e-01  -9.8208e-01
   20.00   50   6   none   9.9038e-01  -9.8208e-01
   22.00    0   2   deg1   5.6690e-02   0.0000e+00
   22.00    0   4   deg1   1.5989e-01   0.0000e+00
   22.00    0   6   deg1   1.6309e-01   0.0000e+00
   22.00    0   2   none   9.6184e-01   0.0000e+00
   22.00    0   4   none   9.6602e-01   0.0000e+00
   22.00    0   6   none   9.6615e-01   0.0000e+00
   22.00    1   2   deg1   7.3197e-02  -9.7566e-01
   22.00    1   4   deg1   2.0088e-01  -9.7566e-01
   22.00    1   6   deg1   2.0316e-01  -9.7566e-01
   22.00    1   2   none   9.6855e-01  -1.0804e+00
   22.00    1   4   none   9.7289e-01  -1.0804e+00
   22.00    1   6   none   9.7296e-01  -1.0804e+00
   22.00    2   2   deg1   8.2578e-02  -9.6966e-01
   22.00    2   4   deg1   2.2481e-01  -9.6966e-01
   22.00    2   6   deg1   2.2681e-01  -9.6966e-01
   22.00    2   2   none   9.7153e-01  -1.0706e+00
   22.00    2   4   none   9.7595e-01  -1.0706e+00
   22.00    2   6   none   9.7601e-01  -1.0706e+00
   22.00    5   2   deg1   1.0013e-01  -9.5389e-01
   22.00    5   4   deg1   2.6924e-01  -9.5389e-01
   22.00    5   6   deg1   2.7078e-01  -9.5389e-01
   22.00    5   2   none   9.7583e-01  -1.0536e+00
   22.00    5   4   none   9.8038e-01  -1.0536e+00
   22.00    5   6   none   9.8042e-01  -1.0536e+00
   22.00   10   2   deg1   1.1777e-01  -9.5211e-01
   22.00   10   4   deg1   3.1666e-01  -9.5211e-01
   22.00   10   6   deg1   3.1818e-01  -9.5211e-01
   22.00   10   2   none   9.7933e-01  -1.0449e+00
   22.00   10   4   none   9.8400e-01  -1.0449e+00
   22.00   10   6   none   9.8403e-01  -1.0449e+00
   22.00   20   2   deg1   1.3751e-01  -9.4684e-01
   22.00   20   4   deg1   3.7103e-01  -9.4684e-01
   22.00   20   6   deg1   3.7275e-01  -9.4684e-01
   22.00   20   2   none   9.8237e-01  -1.0334e+00
   22.00   20   4   none   9.8715e-01  -1.0334e+00
   22.00   20   6   none   9.8718e-01  -1.0334e+00
   22.00   30   2   deg1   1.4924e-01  -9.4359e-01
   22.00   30   4   deg1   4.0364e-01  -9.4359e-01
   22.00   30   6   deg1   4.0553e-01  -9.4359e-01
   22.00   30   2   none   9.8384e-01  -1.0274e+00
   22.00   30   4   none   9.8868e-01  -1.0274e+00
   22.00   30   6   none   9.8871e-01  -1.0274e+00
   22.00   50   2   deg1   1.6447e-01  -9.4070e-01
   22.00   50   4   deg1   4.4593e-01  -9.4070e-01
   22.00   50   6   deg1   4.4806e-01  -9.4070e-01
   22.00   50   2   none   9.8546e-01  -1.0220e+00
   22.00   50   4   none   9.9036e-01  -1.0220e+00
   22.00   50   6   none   9.9040e-01  -1.0220e+00
   23.00    0   2   deg1   4.9037e-02   0.0000e+00
   23.00    0   4   deg1   1.5503e-01   0.0000e+00
   23.00    0   6   deg1   1.5692e-01   0.0000e+00
   23.00    0   2   none   9.6141e-01   0.0000e+00
   23.00    0   4   none   9.6571e-01   0.0000e+00
   23.00    0   6   none   9.6578e-01   0.0000e+00
   23.00    1   2   deg1   6.1181e-02  -9.7031e-01
   23.00    1   4   deg1   1.9392e-01  -9.7031e-01
   23.00    1   6   deg1   1.9595e-01  -9.7031e-01
   23.00    1   2   none   9.6808e-01  -1.0257e+00
   23.00    1   4   none   9.7260e-01  -1.0257e+00
   23.00    1   6   none   9.7267e-01  -1.0257e+00
   23.00    2   2   deg1   6.7277e-02  -9.6347e-01
   23.00    2   4   deg1   2.1645e-01  -9.6347e-01
   23.00    2   6   deg1   2.1900e-01  -9.6347e-01
   23.00    2   2   none   9.7105e-01  -1.0048e+00
   23.00    2   4   none   9.7569e-01  -1.0048e+00
   23.00    2   6   none   9.7577e-01  -1.0048e+00
   23.00    5   2   deg1   8.2758e-02  -9.5598e-01
   23.00    5   4   deg1   2.6155e-01  -9.5598e-01
   23.00    5   6   deg1   2.6378e-01  -9.5598e-01
   23.00    5   2   none   9.7559e-01  -1.0148e+00
   23.00    5   4   none   9.8036e-01  -1.0148e+00
   23.00    5   6   none   9.8042e-01  -1.0148e+00
   23.00   10   2   deg1   9.7519e-02  -9.5164e-01
   23.00   10   4   deg1   3.0708e-01  -9.5164e-01
   23.00   10   6   deg1   3.0949e-01  -9.5164e-01
   23.00   10   2   none   9.7902e-01  -1.0123e+00
   23.00   10   4   none   9.8391e-01  -1.0123e+00
   23.00   10   6   none   9.8397e-01  -1.0123e+00
   23.00   20   2   deg1   1.1517e-01  -9.4899e-01
   23.00   20   4   deg1   3.6200e-01  -9.4899e-01
   23.00   20   6   deg1   3.6475e-01  -9.4899e-01
   23.00   20   2   none   9.8215e-01  -1.0101e+00
   23.00   20   4   none   9.8715e-01  -1.0101e+00
   23.00   20   6   none   9.8721e-01  -1.0101e+00
   23.00   30   2   deg1   1.2553e-01  -9.4591e-01
   23.00   30   4   deg1   3.9475e-01  -9.4591e-01
   23.00   30   6   deg1   3.9780e-01  -9.4591e-01
   23.00   30   2   none   9.8365e-01  -1.0066e+00
   23.00   30   4   none   9.8870e-01  -1.0066e+00
   23.00   30   6   none   9.8876e-01  -1.0066e+00
   23.00   50   2   deg1   1.3947e-01  -9.4370e-01
   23.00   50   4   deg1   4.3819e-01  -9.4370e-01
   23.00   50   6   deg1   4.4157e-01  -9.4370e-01
   23.00   50   2   none   9.8532e-01  -1.0045e+00
   23.00   50   4   none   9.9043e-01  -1.0045e+00
   23.00   50   6   none   9.9049e-01  -1.0045e+00

Arithmetic residual with truncated CL modes peeled. Whether R_d drops with N is diagnostic only; full Theorem A / RH open.
